16,14,12,1,8,4,9,6,15,13,11,2,7,3,10,5 SEQ=Shell
15,13,11,1,7,3,9,5,16,14,12,2,8,4,10,6 INCR=8
7,3,9,1,8,4,10,2,15,13,11,5,16,14,12,6 INCR=4
7,1,8,2,9,3,10,4,11,5,12,6,15,13,16,14 INCR=2
1,2,3,4,5,6,7,8,9,10,11,12,13,14,15,16 INCR=1
16,14,12,1,8,4,9,6,15,13,11,2,7,3,10,5 SEQ=Knuth
3,10,5,1,8,4,9,6,15,13,11,2,7,16,14,12 INCR=13
3,4,5,1,7,10,9,2,8,13,11,6,15,16,14,12 INCR=4
1,2,3,4,5,6,7,8,9,10,11,12,13,14,15,16 INCR=1
16,14,12,1,8,4,9,6,15,13,11,2,7,3,10,5 SEQ=Ciura
11,2,7,1,8,4,9,6,15,13,16,14,12,3,10,5 INCR=10
8,2,7,1,11,3,9,5,12,4,10,6,15,13,16,14 INCR=4
1,2,3,4,5,6,7,8,9,10,11,12,13,14,15,16 INCR=1
16,14,12,1,8,4,9,6,15,13,11,2,7,3,10,5,213,0,9,1,3,5,6,3,54,3,21,3 SEQ=Shell
15,0,9,1,3,3,6,3,16,3,11,1,7,4,9,5,54,13,12,2,8,5,10,6,213,14,21,3 INCR=8
3,0,6,1,7,3,9,1,8,3,9,2,15,4,10,3,16,5,11,3,54,13,12,5,213,14,21,6 INCR=4
3,0,6,1,7,1,8,2,9,3,9,3,10,3,11,3,12,4,15,5,16,5,21,6,54,13,213,14 INCR=2
0,1,1,2,3,3,3,3,3,4,5,5,6,6,7,8,9,9,10,11,12,13,14,15,16,21,54,213 INCR=1
16,14,12,1,8,4,9,6,15,13,11,2,7,3,10,5,213,0,9,1,3,5,6,3,54,3,21,3 SEQ=Knuth
3,3,5,1,0,4,1,3,5,6,3,2,3,16,10,12,213,8,9,9,6,15,13,11,54,7,21,14 INCR=13
0,3,1,1,3,4,3,2,3,6,5,3,5,7,9,9,6,8,10,11,54,15,13,12,213,16,21,14 INCR=4
0,1,1,2,3,3,3,3,3,4,5,5,6,6,7,8,9,9,10,11,12,13,14,15,16,21,54,213 INCR=1
16,14,12,1,8,4,9,6,15,13,11,2,7,3,10,5,213,0,9,1,3,5,6,3,54,3,21,3 SEQ=Ciura
3,2,6,1,8,3,9,0,9,1,11,5,7,3,10,4,21,3,15,13,16,14,12,3,54,5,213,6 INCR=10
3,1,6,0,7,2,9,1,8,3,10,3,9,3,11,4,16,3,12,5,21,5,15,6,54,14,213,13 INCR=4
0,1,1,2,3,3,3,3,3,4,5,5,6,6,7,8,9,9,10,11,12,13,14,15,16,21,54,213 INCR=1
16,14,12,1,8,4,9,6,15,13,11,2,7,3,10,5,213,0,9,1,3,5,6,3,54,3,21,316,14,12,1,8,4,9,6,15,13,11,2,7,3,10,5,213,0,9,1,3,5,6,3,54,3,21,3 SEQ=Shell
3,0,3,1,0,3,1,3,4,3,5,1,3,4,1,3,5,6,6,2,3,5,2,5,15,9,9,15,7,9,3,6,16,10,11,54,8,11,6,7,54,13,12,213,13,12,9,8,213,14,21,316,14,21,10 INCR=8
0,0,1,1,3,3,1,1,3,3,2,2,3,4,3,3,4,5,3,3,5,6,5,5,7,9,6,6,8,9,6,7,13,10,9,8,14,11,9,15,15,12,10,54,16,13,11,213,54,14,12,316,213,21,21 INCR=4
0,0,1,1,1,1,2,2,3,3,3,3,3,3,3,3,3,4,4,5,5,5,5,6,6,6,6,7,7,8,8,9,9,9,9,10,10,11,11,12,12,13,13,14,14,15,15,21,16,54,21,213,54,316,213 INCR=2
0,0,1,1,1,1,2,2,3,3,3,3,3,3,3,3,3,4,4,5,5,5,5,6,6,6,6,7,7,8,8,9,9,9,9,10,10,11,11,12,12,13,13,14,14,15,15,16,21,21,54,54,213,213,316 INCR=1
16,14,12,1,8,4,9,6,15,13,11,2,7,3,10,5,213,0,9,1,3,5,6,3,54,3,21,316,14,12,1,8,4,9,6,15,13,11,2,7,3,10,5,213,0,9,1,3,5,6,3,54,3,21,3 SEQ=Knuth
3,3,3,1,0,0,1,1,3,5,3,2,2,3,10,5,5,1,4,4,3,5,6,6,3,3,7,14,10,12,8,8,9,6,6,13,11,11,7,16,21,12,213,213,9,9,9,15,15,13,54,54,21,316,14 INCR=13
0,0,1,1,2,1,3,1,3,3,3,2,3,3,4,4,3,3,6,5,3,5,6,6,5,5,7,8,9,6,7,13,9,9,8,14,10,11,9,15,11,12,10,16,15,12,14,54,21,13,54,213,21,316,213 INCR=4
0,0,1,1,1,1,2,2,3,3,3,3,3,3,3,3,3,4,4,5,5,5,5,6,6,6,6,7,7,8,8,9,9,9,9,10,10,11,11,12,12,13,13,14,14,15,15,16,21,21,54,54,213,213,316 INCR=1
16,14,12,1,8,4,9,6,15,13,11,2,7,3,10,5,213,0,9,1,3,5,6,3,54,3,21,316,14,12,1,8,4,9,6,15,13,11,2,7,3,10,5,213,0,9,1,3,5,6,3,54,3,21,3 SEQ=Ciura
1,2,3,1,0,3,1,0,2,1,3,5,4,3,3,4,9,3,5,6,3,8,5,3,6,5,13,6,9,7,3,10,6,9,8,9,21,11,14,12,11,14,7,21,10,15,213,316,15,13,16,54,12,213,54 INCR=10
0,1,1,0,1,2,3,1,2,3,3,3,3,3,3,4,4,3,3,5,6,5,5,6,6,7,5,6,9,8,7,9,9,9,8,10,10,11,13,12,11,13,14,21,12,14,16,54,15,15,54,316,21,213,213 INCR=4
0,0,1,1,1,1,2,2,3,3,3,3,3,3,3,3,3,4,4,5,5,5,5,6,6,6,6,7,7,8,8,9,9,9,9,10,10,11,11,12,12,13,13,14,14,15,15,16,21,21,54,54,213,213,316 INCR=1
